26,4
25,3
4294967294,51
4294967294,445
0,5
26,3
4294967294,7
4294967294,6
4294967294,22
4294967294,36
4294967294,39
4294967294,120
4294967294,189
4294967293,131
4294967293,130
4294967293,129
4294967293,128
4294967293,127
4294967293,126
4294967293,125
4294967293,124
4294967293,123
4294967293,122
4294967293,121
4294967293,120
4294967293,119
4294967293,118
4294967293,117
4294967293,116
4294967293,115
4294967293,114
4294967293,113
4294967293,112
4294967293,111
4294967293,110
4294967293,109
4294967293,108
4294967293,107
4294967293,106
4294967293,105
4294967293,104
4294967293,103
4294967293,102
4294967293,101
4294967293,100
4294967293,99
4294967293,98
4294967293,97
4294967293,96
4294967293,95
4294967293,94
4294967293,93
4294967293,92
4294967293,91
4294967293,90
4294967293,89
4294967293,87
4294967293,86
4294967293,85
4294967293,84
4294967293,83
4294967293,82
4294967293,81
4294967293,80
4294967293,79
4294967293,78
4294967293,77
4294967293,76
4294967293,75
4294967293,74
4294967293,73
4294967293,72
4294967293,71
4294967293,70
4294967293,69
4294967293,68
4294967293,67
4294967293,66
4294967293,65
4294967293,64
4294967293,63
4294967293,62
4294967293,61
4294967293,60
4294967293,59
4294967293,58
4294967293,57
4294967293,56
4294967293,55
4294967293,54
4294967293,53
4294967293,52
4294967293,51
4294967293,50
4294967293,49
4294967293,48
4294967293,47
4294967293,46
4294967293,45
4294967293,44
4294967293,43
4294967293,42
4294967293,41
4294967293,40
4294967293,39
4294967293,38
4294967293,37
4294967293,36
4294967293,35
4294967293,34
4294967293,33
4294967293,32
4294967293,31
4294967293,30
4294967293,29
4294967293,28
4294967293,27
4294967293,26
4294967293,25
4294967293,24
4294967293,23
4294967293,22
4294967293,21
4294967293,20
4294967293,19
4294967293,18
4294967293,17
4294967293,16
4294967293,15
4294967293,14
4294967293,13
4294967293,12
4294967293,11
4294967293,10
4294967293,9
4294967293,8
4294967293,7
4294967293,6
4294967293,5
4294967293,4
4294967293,3
4294967278,131
4294967278,343
4294967278,375
4294967278,127
4294967278,238
4294967278,125
4294967278,237
4294967278,342
4294967278,341
4294967278,374
4294967278,121
4294967278,340
4294967278,120
4294967278,373
4294967278,119
4294967278,339
4294967278,118
4294967278,338
4294967278,337
4294967278,336
4294967278,335
4294967278,334
4294967278,111
4294967278,333
4294967278,332
4294967278,107
4294967278,331
4294967278,305
4294967278,105
4294967278,304
4294967278,303
4294967278,302
4294967278,301
4294967278,101
4294967278,300
4294967278,299
4294967278,298
4294967278,98
4294967278,297
4294967278,296
4294967278,295
4294967278,294
4294967278,94
4294967278,293
4294967278,292
4294967278,92
4294967278,291
4294967278,203
4294967278,90
4294967278,202
4294967278,201
4294967278,87
4294967278,200
4294967278,86
4294967278,199
4294967278,289
4294967278,84
4294967278,197
4294967278,83
4294967278,196
4294967278,288
4294967278,81
4294967278,194
4294967278,80
4294967278,193
4294967278,286
4294967278,78
4294967278,191
4294967278,190
4294967278,285
4294967278,284
4294967278,74
4294967278,283
4294967278,73
4294967278,282
4294967278,281
4294967278,71
4294967278,184
4294967278,70
4294967278,183
4294967278,69
4294967278,280
4294967278,68
4294967278,181
4294967278,67
4294967278,180
4294967278,66
4294967278,279
4294967278,178
4294967278,177
4294967278,176
4294967278,175
4294967278,277
4294967278,60
4294967278,172
4294967278,171
4294967278,276
4294967278,169
4294967278,56
4294967278,168
4294967278,275
4294967278,274
4294967278,53
4294967278,165
4294967278,164
4294967278,273
4294967278,50
4294967278,162
4294967278,272
4294967278,48
4294967278,160
4294967278,47
4294967278,271
4294967278,46
4294967278,2
4294967278,157
4294967278,45
4294967278,270
4294967278,269
4294967278,43
4294967278,268
4294967278,174
4294967278,260
4294967278,267
4294967278,41
4294967278,371
4294967278,40
4294967278,370
4294967278,39
4294967278,369
4294967278,38
4294967278,368
4294967278,37
4294967278,367
4294967278,36
4294967278,366
4294967278,35
4294967278,365
4294967278,34
4294967278,364
4294967278,33
4294967278,363
4294967278,32
4294967278,362
4294967278,31
4294967278,361
4294967278,30
4294967278,360
4294967278,29
4294967278,359
4294967278,28
4294967278,358
4294967278,27
4294967278,26
4294967278,357
4294967278,25
4294967278,356
4294967278,24
4294967278,355
4294967278,23
4294967278,22
4294967278,354
4294967278,21
4294967278,353
4294967278,20
4294967278,352
4294967278,19
4294967278,351
4294967278,18
4294967278,350
4294967278,17
4294967278,349
4294967278,16
4294967278,348
4294967278,15
4294967278,347
4294967278,12
4294967278,309
4294967278,11
4294967278,345
4294967278,10
4294967278,308
4294967278,307
4294967278,7
4294967278,0
4294967278,346
4294967278,376
4294967278,5
4294967278,344
4294967278,4
4294967279,342
4294967279,132
4294967279,341
4294967279,131
4294967279,340
4294967279,130
4294967279,339
4294967279,129
4294967279,338
4294967279,128
4294967279,337
4294967279,127
4294967279,238
4294967279,126
4294967279,237
4294967279,336
4294967279,124
4294967279,335
4294967279,123
4294967279,334
4294967279,121
4294967279,359
4294967279,120
4294967279,333
4294967279,119
4294967279,358
4294967279,118
4294967279,332
4294967279,117
4294967279,331
4294967279,113
4294967279,330
4294967279,112
4294967279,329
4294967279,110
4294967279,328
4294967279,108
4294967279,304
4294967279,106
4294967279,303
4294967279,105
4294967279,302
4294967279,301
4294967279,300
4294967279,102
4294967279,299
4294967279,101
4294967279,298
4294967279,100
4294967279,297
4294967279,99
4294967279,296
4294967279,295
4294967279,294
4294967279,293
4294967279,95
4294967279,292
4294967279,94
4294967279,205
4294967279,93
4294967279,204
4294967279,92
4294967279,203
4294967279,91
4294967279,290
4294967279,90
4294967279,289
4294967279,89
4294967279,288
4294967279,87
4294967279,287
4294967279,86
4294967279,356
4294967279,198
4294967279,85
4294967279,197
4294967279,84
4294967279,286
4294967279,83
4294967279,195
4294967279,82
4294967279,194
4294967279,81
4294967279,285
4294967279,80
4294967279,192
4294967279,79
4294967279,191
4294967279,78
4294967279,283
4294967279,189
4294967279,76
4294967279,188
4294967279,75
4294967279,187
4294967279,74
4294967279,186
4294967279,73
4294967279,185
4294967279,72
4294967279,184
4294967279,71
4294967279,282
4294967279,70
4294967279,182
4294967279,69
4294967279,181
4294967279,68
4294967279,280
4294967279,67
4294967279,179
4294967279,66
4294967279,178
4294967279,65
4294967279,279
4294967279,278
4294967279,277
4294967279,173
4294967279,61
4294967279,172
4294967279,60
4294967279,276
4294967279,170
4294967279,58
4294967279,169
4294967279,57
4294967279,275
4294967279,167
4294967279,55
4294967279,2
4294967279,370
4294967279,166
4294967279,54
4294967279,165
4294967279,53
4294967279,273
4294967279,52
4294967279,162
4294967279,51
4294967279,161
4294967279,50
4294967279,272
4294967279,271
4294967279,48
4294967279,158
4294967279,47
4294967279,270
4294967279,46
4294967279,269
4294967279,268
4294967279,44
4294967279,267
4294967279,43
4294967279,266
4294967279,42
4294967279,369
4294967279,41
4294967279,368
4294967279,40
4294967279,367
4294967279,39
4294967279,366
4294967279,38
4294967279,365
4294967279,37
4294967279,364
4294967279,34
4294967279,363
4294967279,32
4294967279,362
4294967279,31
4294967279,354
4294967279,30
4294967279,346
4294967279,353
4294967279,27
4294967279,361
4294967279,25
4294967279,360
4294967279,18
4294967279,352
4294967279,15
4294967279,351
4294967279,14
4294967279,350
4294967279,13
4294967279,349
4294967279,12
4294967279,308
4294967279,11
4294967279,348
4294967279,10
4294967279,347
4294967279,9
4294967279,307
4294967279,8
4294967279,306
4294967279,7
4294967279,174
4294967279,88
4294967279,0
4294967279,260
4294967279,345
4294967279,6
4294967279,344
4294967279,5
4294967279,343
4294967279,4
4294967294,81
4294967294,190
4294967294,552
4294967294,68
4294967294,11
4294967294,17
4294967294,42
4294967294,67
4294967294,99
4294967294,76
4294967294,41
4294967294,115
4294967294,43
4294967294,388
4294967294,25
4294967294,168
4294967294,162
4294967294,104
4294967294,166
4294967294,24
4294967294,184
4294967294,26
4294967294,188
4294967294,185
4294967294,82
4294967294,83
4294967294,1
4294967294,804
4294967294,766
4294967294,756
4294967294,789
4294967294,788
4294967294,805
4294967294,791
4294967294,748
4294967294,391
4294967294,385
21,0
4294967294,957
4294967294,951
4294967294,187
4294967294,723
4294967294,716
4294967294,952
4294967294,536
4294967294,704
4294967294,574
4294967294,532
4294967294,1311
4294967294,706
4294967294,708
4294967294,1765
4294967294,563
4294967294,568
4294967294,566
4294967294,557
4294967294,538
4294967294,528
4294967294,183
4294967294,914
4294967294,209
4294967294,208
4294967294,207
4294967294,206
4294967294,204
4294967294,205
4294967294,203
4294967294,202
4294967294,201
4294967294,200
4294967294,199
4294967294,198
4294967294,197
4294967294,196
4294967294,195
4294967294,194
4294967294,193
4294967294,192
4294967294,159
4294967294,158
4294967294,157
4294967294,155
4294967294,156
4294967294,154
4294967294,153
4294967294,152
4294967294,151
4294967294,150
4294967294,149
4294967294,148
4294967294,147
4294967294,146
4294967294,145
4294967294,144
4294967294,143
4294967294,142
4294967294,141
4294967294,140
4294967294,138
4294967294,139
4294967294,137
4294967294,136
4294967294,135
4294967294,134
4294967294,133
4294967294,132
4294967294,131
4294967294,130
4294967294,129
4294967294,128
4294967294,920
4294967294,919
4294967294,916
4294967294,928
4294967294,924
4294967294,795
4294967294,774
4294967294,1291
4294967294,772
4294967294,922
4294967294,911
4294967294,1288
4294967294,776
4294967294,729
26,1
25,1
24,1
4294967294,913
4294967294,59
4294967294,58
4243767290,0
4294967294,635
4294967294,464
4294967294,463
4294967294,462
4294967294,461
4294967294,460
4294967294,670
4294967294,669
4294967294,668
4294967294,667
4294967294,666
4294967294,665
4294967294,664
4294967294,663
4294967294,662
4294967294,661
4294967294,660
4294967294,659
4294967294,658
4294967294,657
4294967294,656
4294967294,655
4294967294,654
4294967294,4
4294967278,110
4294967279,410
4294967279,409
4294967279,107
4294967278,104
4294967278,103
4294967294,122
4294967278,100
4294967294,121
4294967278,99
4294967294,918
4294967278,95
4294967294,775
4294967278,93
4294967278,88
4294967294,1329
4294967294,1328
4294967278,410
4294967294,1327
4294967294,1326
4294967294,1325
4294967278,409
4294967294,1324
4294967294,1323
4294967294,1321
4294967294,1322
4294967294,1313
4294967294,1319
4294967294,1318
4294967294,1312
4294967278,408
4294967294,1316
4294967294,1315
4294967294,1774
4294967294,1309
4294967294,1308
4294967294,1400
4294967294,1399
4294967294,1398
4294967294,1397
4294967294,1396
4294967294,1395
4294967294,1394
4294967294,1393
4294967294,1392
4294967294,1391
4294967294,1390
4294967294,1389
4294967294,1388
4294967294,1387
4294967294,1386
4294967294,1385
4294967294,1384
4294967294,1383
4294967294,1382
4294967294,1381
4294967294,1380
4294967294,1379
4294967294,1378
4294967294,1377
4294967294,1376
4294967294,1375
4294967294,1374
4294967294,1373
4294967294,1372
4294967294,1307
4294967294,1789
4294967294,1371
4294967294,1370
4294967294,1369
4294967294,1788
4294967294,1368
4294967294,1367
4294967294,1366
4294967294,1365
4294967294,1364
4294967294,1363
4294967294,1362
4294967294,1361
4294967294,1360
4294967294,1359
4294967294,1358
4294967294,1357
4294967294,1356
4294967294,1355
4294967294,1354
4294967294,1353
4294967294,1352
4294967294,1351
4294967294,1350
4294967294,1349
4294967294,1348
4294967294,1347
4294967294,1346
4294967294,1345
4294967294,1344
4294967294,1305
4294967294,1304
4294967294,1303
4294967294,1302
4294967294,1301
4294967294,1300
4294967294,1299
4294967294,1298
4294967294,571
4294967294,545
4294967294,543
4294967294,541
4294967294,539
4294967294,537
4294967294,785
4294967294,1791
4294967294,1790
4294967294,1770
4294967294,1787
4294967294,1786
4294967294,1785
4294967294,1784
4294967294,1783
4294967294,1782
4294967294,1781
4294967294,1780
4294967294,1779
4294967294,1778
4294967294,1777
4294967294,1776
4294967294,1306
4294967294,1775
4294967294,1296
4294967294,1297
4294967294,1773
4294967294,1294
4294967294,1295
4294967278,82
4294967294,1772
4294967294,1771
4294967294,1314
4294967294,1317
4294967294,1769
4294967294,917
4294967279,408
4294967294,1178
